// 
// Generated by obj file to C array converter by Szymon Kajda.
// Mesh name: "axes_2"
// Settings:
// 	Vertex coordinates representation: fixed point
// 	Fixed point type: "int32_t"
// 	Number of binary digits after the decimal place: 16
// 	Face array type: size_t
// 	Fixed number of vertices in faces: no
// 	Vertex ID separator in face array: F_VID_SEP
// 

#define AXES_2_MESH_V_CNT 760
#define AXES_2_MESH_F_CNT 242

const flp_t axes_2_mesh_verts[] = {
	-1966, 7510, -69429,
	-1966, 1199, -76330,
	-1966, 7510, -78984,
	-1966, 2890, -75386,
	-1966, 7510, -71749,
	1966, 7510, -69429,
	1966, 1180, -74403,
	1966, -5898, -76330,
	1966, 7510, -78984,
	1966, 2890, -75386,
	-1966, 1180, -74403,
	1966, -5898, -74403,
	-1966, -5898, -74403,
	-1966, -5898, -76330,
	1966, 1199, -76330,
	1966, 7510, -81304,
	-1966, 7510, -81304,
	1966, 7510, -71749,
	68446, -5898, -1966,
	70766, -5898, -1966,
	75327, -354, -1966,
	76507, 1042, -1966,
	81874, 7510, -1966,
	79534, 7510, -1966,
	75327, 2399, -1966,
	71139, 7510, -1966,
	68819, 7510, -1966,
	74167, 1042, -1966,
	68446, -5898, 1966,
	70766, -5898, 1966,
	79947, -5898, 1966,
	76507, 1042, 1966,
	81874, 7510, 1966,
	79534, 7510, 1966,
	75327, 2399, 1966,
	71139, 7510, 1966,
	75327, -354, 1966,
	79947, -5898, -1966,
	82287, -5898, 1966,
	82287, -5898, -1966,
	68819, 7510, 1966,
	74167, 1042, 1966,
	-2892, 82877, -5672,
	-2892, 71198, -5672,
	-2892, 69468, -5672,
	5658, 69468, 2878,
	5283, 81147, 2502,
	2502, 82877, 5283,
	361, 71198, 3142,
	-5672, 69468, -2892,
	2502, 81147, 5283,
	5283, 82877, 2502,
	-5672, 82877, -2892,
	3142, 71198, 361,
	-5672, 71198, -2892,
	2878, 69468, 5658,
	-3156, 81147, -375,
	-375, 81147, -3156,
	-4915, 4915, -62259,
	-4915, -4915, -62259,
	4915, 4915, -62259,
	4915, -4915, -62259,
	-4915, 4915, -4915,
	-4915, -4915, -4915,
	-4915, 0, -65536,
	4915, 0, -4915,
	4915, 0, -65536,
	-4915, 0, -4915,
	62259, 4915, -4915,
	62259, -4915, -4915,
	62259, 4915, 4915,
	62259, -4915, 4915,
	4915, 4915, -4915,
	4915, 4915, 4915,
	4915, -4915, 4915,
	65536, 0, -4915,
	4915, 0, 4915,
	65536, 0, 4915,
	-4915, 62259, -4915,
	4915, 62259, -4915,
	-4915, 62259, 4915,
	4915, 62259, 4915,
	0, 65536, -4915,
	0, 4915, 4915,
	0, 65536, 4915,
	-4915, 4915, 4915,
	-4915, 62259, 0,
	-4915, -4915, 4915,
	4915, -4915, -4915,
	-4915, 4915, 0,
	4915, 62259, 0,
	0, 65536, 0,
	0, -4915, -4915,
	0, 4915, -62259,
	0, 4915, -4915,
	0, -4915, -62259,
	0, 0, -65536,
	4915, -4915, 0,
	62259, 4915, 0,
	4915, 4915, 0,
	62259, -4915, 0,
	65536, 0, 0,
	32768, 0,
	49152, 0,
	40960, 0,
	57344, 0,
	0, 0,
	65536, 0,
	8192, 0,
	24576, 0,
	16384, 0,
	32768, 0,
	40960, 0,
	49152, 0,
	57344, 0,
	65536, 0,
	0, 0,
	8192, 0,
	24576, 0,
	16384, 0,
	29789, 0,
	41705, 0,
	35747, 0,
	47663, 0,
	59578, 0,
	53620, 0,
	65536, 0,
	23831, 0,
	11916, 0,
	0, 0,
	17873, 0,
	5958, 0,
	29789, 0,
	35747, 0,
	41705, 0,
	47663, 0,
	53620, 0,
	59578, 0,
	65536, 0,
	23831, 0,
	11916, 0,
	0, 0,
	17873, 0,
	5958, 0,
	65536, 0,
	9362, 0,
	0, 0,
	56174, 0,
	18725, 0,
	46811, 0,
	28087, 0,
	37449, 0,
	65536, 0,
	0, 0,
	9362, 0,
	56174, 0,
	18725, 0,
	46811, 0,
	28087, 0,
	37449, 0,
	40960, 40960,
	57344, 40960,
	57344, 49152,
	40960, 49152,
	32768, 49152,
	40960, 65536,
	32768, 65536,
	8192, 40960,
	24576, 40960,
	24576, 49152,
	8192, 49152,
	32768, 40960,
	32768, 16384,
	40960, 16384,
	40960, 32768,
	32768, 32768,
	24576, 16384,
	24576, 32768,
	24576, 65536,
	8192, 32768,
	57344, 32768,
	0, 0,
	0, 0,
	57344, 40960,
	0, 0,
	0, 0,
	0, 0,
	0, 0,
	0, 0,
	0, 0,
	0, 0,
	0, 65536,
	7282, 65536,
	7282, 0,
	14564, 65536,
	14564, 0,
	21845, 65536,
	21845, 0,
	29127, 65536,
	29127, 0,
	36409, 65536,
	36409, 0,
	43691, 65536,
	43691, 0,
	50972, 65536,
	50972, 0,
	58254, 65536,
	58254, 0,
	65536, 65536,
	65536, 0,
	0, 65536,
	5461, 65536,
	5461, 0,
	10923, 65536,
	10923, 0,
	16384, 65536,
	16384, 0,
	21845, 65536,
	21845, 0,
	27307, 65536,
	27307, 0,
	32768, 65536,
	32768, 0,
	38229, 65536,
	38229, 0,
	43691, 65536,
	43691, 0,
	49152, 65536,
	49152, 0,
	54613, 65536,
	54613, 0,
	60075, 65536,
	60075, 0,
	65536, 65536,
	65536, 0,
	0, 65536,
	8192, 65536,
	8192, 0,
	16384, 65536,
	16384, 0,
	24576, 65536,
	24576, 0,
	32768, 65536,
	32768, 0,
	40960, 65536,
	40960, 0,
	49152, 65536,
	49152, 0,
	57344, 65536,
	57344, 0,
	65536, 65536,
	65536, 0,
	40960, 40960,
	57344, 40960,
	57344, 49152,
	40960, 49152,
	32768, 49152,
	40960, 65536,
	32768, 65536,
	8192, 40960,
	24576, 40960,
	24576, 49152,
	8192, 49152,
	32768, 40960,
	32768, 16384,
	40960, 16384,
	40960, 32768,
	32768, 32768,
	24576, 16384,
	24576, 32768,
	24576, 65536,
	8192, 32768,
	57344, 32768,
	24576, 65536,
	32768, 65536,
	40960, 32768,
	40960, 40960,
	57344, 49152,
	40960, 49152,
	32768, 49152,
	40960, 65536,
	8192, 40960,
	24576, 40960,
	24576, 49152,
	8192, 49152,
	32768, 40960,
	32768, 16384,
	32768, 32768,
	24576, 16384,
	24576, 32768,
	8192, 32768,
	-65536, 0, 0,
	65536, 0, 0,
	0, 0, -65536,
	0, 0, 65536,
	46341, 0, -46341,
	-46341, 0, 46341,
	0, 65536, 0,
	0, -65536, 0,
	0, 36353, -54533,
	0, -36353, -54533,
	-36058, 23921, 49218,
	-51682, -13173, 38083,
	51682, -13173, 38083,
	36058, 23921, 49218,
	-37834, -37834, 37834,
	37834, -37834, 37834,
	-37834, -37834, -37834,
	37834, -37834, -37834,
	-51695, -13192, -38057,
	51695, -13192, -38057,
	-36051, 23888, -49237,
	36051, 23888, -49237,
	-40652, 46183, 22571,
	40652, 46183, 22571,
	-61040, 23862, 59,
	61040, 23862, 59,
	-40678, 46223, -22440,
	40678, 46223, -22440,
	-49519, -23357, -36012,
	21902, -46380, -40790,
	21902, -46380, 40790,
	-49519, -23357, 36012,
	79, -24805, -60660,
	79, -24805, 60660,
	-21745, -46426, -40822,
	-21745, -46426, 40822,
	49585, -23233, -35999,
	49585, -23233, 35999,
	30848, 26, -57822,
	30848, 26, 57822,
	49565, 23278, -36005,
	49565, 23278, 36005,
	-21896, 46380, -40796,
	-21896, 46380, 40796,
	26, 24661, -60719,
	26, 24661, 60719,
	21955, 46367, -40783,
	21955, 46367, 40783,
	-49539, 23318, -36012,
	-49539, 23318, 36012,
	-30946, -20, -57763,
	-30946, -20, 57763,
	53510, 37834, 0,
	-8926, 24760, -60018,
	-60018, 24760, -8926,
	0, 37834, 53510,
	34151, 7635, -55411,
	-55411, 7635, 34151,
	0, 37834, -53510,
	-53510, 37834, 0,
	0, -37834, -53510,
	-53510, -37834, 0,
	60018, -24760, 8926,
	8926, -24760, 60018,
	55411, -7635, -34151,
	-34151, -7635, 55411,
	53510, -37834, 0,
	0, -37834, 53510,
	54533, 36353, 0,
	54533, -36353, 0,
	-36353, 54533, 0,
	36353, 54533, 0
	68446, -5898, -1966,
	70766, -5898, -1966,
	75327, -354, -1966,
	79947, -5898, -1966,
	82287, -5898, -1966,
	76507, 1042, -1966,
	81874, 7510, -1966,
	79534, 7510, -1966,
	75327, 2399, -1966,
	71139, 7510, -1966,
	68819, 7510, -1966,
	74167, 1042, -1966,
	68446, -5898, 1966,
	70766, -5898, 1966,
	75327, -354, 1966,
	79947, -5898, 1966,
	82287, -5898, 1966,
	76507, 1042, 1966,
	81874, 7510, 1966,
	79534, 7510, 1966,
	75327, 2399, 1966,
	71139, 7510, 1966,
	68819, 7510, 1966,
	74167, 1042, 1966,
	68446, -5898, 1966,
	68446, -5898, -1966,
	70766, -5898, 1966,
	70766, -5898, -1966,
	75327, -354, 1966,
	75327, -354, -1966,
	79947, -5898, 1966,
	79947, -5898, -1966,
	82287, -5898, 1966,
	82287, -5898, -1966,
	76507, 1042, 1966,
	76507, 1042, -1966,
	81874, 7510, 1966,
	81874, 7510, -1966,
	79534, 7510, 1966,
	79534, 7510, -1966,
	75327, 2399, 1966,
	75327, 2399, -1966,
	71139, 7510, 1966,
	71139, 7510, -1966,
	68819, 7510, 1966,
	68819, 7510, -1966,
	74167, 1042, 1966,
	74167, 1042, -1966,
	29789, 0,
	41705, 0,
	35747, 0,
	47663, 0,
	59578, 0,
	53620, 0,
	65536, 0,
	23831, 0,
	11916, 0,
	0, 0,
	17873, 0,
	5958, 0,
	29789, 0,
	35747, 0,
	41705, 0,
	47663, 0,
	53620, 0,
	59578, 0,
	65536, 0,
	23831, 0,
	11916, 0,
	0, 0,
	17873, 0,
	5958, 0,
	0, 65536,
	5461, 65536,
	5461, 0,
	0, 0,
	10923, 65536,
	10923, 0,
	16384, 65536,
	16384, 0,
	21845, 65536,
	21845, 0,
	27307, 65536,
	27307, 0,
	32768, 65536,
	32768, 0,
	38229, 65536,
	38229, 0,
	43691, 65536,
	43691, 0,
	49152, 65536,
	49152, 0,
	54613, 65536,
	54613, 0,
	60075, 65536,
	60075, 0,
	65536, 65536,
	65536, 0,
	0, 0, -65536,
	0, 0, 65536,
	-59271, -27958, 0,
	27984, -59258, 0,
	203, -65536, 0,
	-27794, -59349, 0,
	59343, -27807, 0,
	65536, 59, 0,
	59317, 27859, 0,
	-27977, 59264, 0,
	72, 65536, 0,
	28043, 59231, 0,
	-59297, 27912, 0,
	-65536, -46, 0,
	-1966, 7510, -69429,
	-1966, 1180, -74403,
	-1966, -5898, -74403,
	-1966, -5898, -76330,
	-1966, 1199, -76330,
	-1966, 7510, -81304,
	-1966, 7510, -78984,
	-1966, 2890, -75386,
	-1966, 7510, -71749,
	1966, 7510, -69429,
	1966, 1180, -74403,
	1966, -5898, -74403,
	1966, -5898, -76330,
	1966, 1199, -76330,
	1966, 7510, -81304,
	1966, 7510, -78984,
	1966, 2890, -75386,
	1966, 7510, -71749,
	1966, 7510, -69429,
	-1966, 7510, -69429,
	1966, 1180, -74403,
	-1966, 1180, -74403,
	1966, -5898, -74403,
	-1966, -5898, -74403,
	1966, -5898, -76330,
	-1966, -5898, -76330,
	1966, 1199, -76330,
	-1966, 1199, -76330,
	1966, 7510, -81304,
	-1966, 7510, -81304,
	1966, 7510, -78984,
	-1966, 7510, -78984,
	1966, 2890, -75386,
	-1966, 2890, -75386,
	1966, 7510, -71749,
	-1966, 7510, -71749,
	32768, 0,
	49152, 0,
	40960, 0,
	57344, 0,
	0, 0,
	65536, 0,
	8192, 0,
	24576, 0,
	16384, 0,
	32768, 0,
	40960, 0,
	49152, 0,
	57344, 0,
	65536, 0,
	0, 0,
	8192, 0,
	24576, 0,
	16384, 0,
	0, 65536,
	7282, 65536,
	7282, 0,
	0, 0,
	14564, 65536,
	14564, 0,
	21845, 65536,
	21845, 0,
	29127, 65536,
	29127, 0,
	36409, 65536,
	36409, 0,
	43691, 65536,
	43691, 0,
	50972, 65536,
	50972, 0,
	58254, 65536,
	58254, 0,
	65536, 65536,
	65536, 0,
	-65536, 0, 0,
	65536, 0, 0,
	0, 28646, 58943,
	0, -21424, 61938,
	0, -46341, 46341,
	0, -46341, -46341,
	0, -21470, -61918,
	0, 28600, -58963,
	0, 58878, 28777,
	0, 65536, 170,
	0, 58956, -28620,
	5283, 82877, 2502,
	-2892, 82877, -5672,
	3142, 71198, 361,
	-2892, 71198, -5672,
	-2892, 69468, -5672,
	5658, 69468, 2878,
	-375, 81147, -3156,
	5283, 81147, 2502,
	2502, 82877, 5283,
	-5672, 82877, -2892,
	361, 71198, 3142,
	-5672, 71198, -2892,
	-5672, 69468, -2892,
	2878, 69468, 5658,
	-3156, 81147, -375,
	2502, 81147, 5283,
	2502, 82877, 5283,
	5283, 82877, 2502,
	-5672, 82877, -2892,
	-2892, 82877, -5672,
	361, 71198, 3142,
	3142, 71198, 361,
	-5672, 71198, -2892,
	-2892, 71198, -5672,
	-5672, 69468, -2892,
	-2892, 69468, -5672,
	2878, 69468, 5658,
	5658, 69468, 2878,
	-3156, 81147, -375,
	-375, 81147, -3156,
	2502, 81147, 5283,
	5283, 81147, 2502,
	65536, 0,
	9362, 0,
	0, 0,
	56174, 0,
	18725, 0,
	46811, 0,
	28087, 0,
	37449, 0,
	65536, 0,
	0, 0,
	9362, 0,
	56174, 0,
	18725, 0,
	46811, 0,
	28087, 0,
	37449, 0,
	0, 65536,
	8192, 65536,
	8192, 0,
	0, 0,
	16384, 65536,
	16384, 0,
	24576, 65536,
	24576, 0,
	32768, 65536,
	32768, 0,
	40960, 65536,
	40960, 0,
	49152, 65536,
	49152, 0,
	57344, 65536,
	57344, 0,
	65536, 65536,
	65536, 0,
	46341, 0, -46341,
	-46341, 0, 46341,
	32768, 46341, 32768,
	-41320, 29675, -41320,
	-32768, 46341, -32768,
	-32768, -46341, -32768,
	41320, -29675, 41320,
	32768, -46341, 32768,
	-4915, 4915, -62259,
	-4915, -4915, -62259,
	4915, 4915, -62259,
	4915, -4915, -62259,
	-4915, 4915, -4915,
	-4915, -4915, -4915,
	-4915, 0, -65536,
	4915, 0, -4915,
	4915, 0, -65536,
	-4915, 0, -4915,
	62259, 4915, -4915,
	62259, -4915, -4915,
	62259, 4915, 4915,
	62259, -4915, 4915,
	4915, 4915, -4915,
	4915, 4915, 4915,
	4915, -4915, 4915,
	65536, 0, -4915,
	4915, 0, 4915,
	65536, 0, 4915,
	-4915, 62259, -4915,
	4915, 62259, -4915,
	-4915, 62259, 4915,
	4915, 62259, 4915,
	0, 65536, -4915,
	0, 4915, 4915,
	0, 65536, 4915,
	-4915, 4915, 4915,
	-4915, 62259, 0,
	-4915, -4915, 4915,
	4915, -4915, -4915,
	-4915, 4915, 0,
	4915, 62259, 0,
	0, 65536, 0,
	0, -4915, -4915,
	0, 4915, -62259,
	0, 4915, -4915,
	0, -4915, -62259,
	0, 0, -65536,
	4915, -4915, 0,
	62259, 4915, 0,
	4915, 4915, 0,
	62259, -4915, 0,
	65536, 0, 0,
	40960, 40960,
	57344, 40960,
	57344, 49152,
	40960, 49152,
	32768, 49152,
	40960, 65536,
	32768, 65536,
	8192, 40960,
	24576, 40960,
	24576, 49152,
	8192, 49152,
	32768, 40960,
	32768, 16384,
	40960, 16384,
	40960, 32768,
	32768, 32768,
	24576, 16384,
	24576, 32768,
	24576, 65536,
	8192, 32768,
	57344, 32768,
	0, 0,
	0, 0,
	57344, 40960,
	0, 0,
	0, 0,
	0, 0,
	0, 0,
	0, 0,
	0, 0,
	0, 0,
	40960, 40960,
	57344, 40960,
	57344, 49152,
	40960, 49152,
	32768, 49152,
	40960, 65536,
	32768, 65536,
	8192, 40960,
	24576, 40960,
	24576, 49152,
	8192, 49152,
	32768, 40960,
	32768, 16384,
	40960, 16384,
	40960, 32768,
	32768, 32768,
	24576, 16384,
	24576, 32768,
	24576, 65536,
	8192, 32768,
	57344, 32768,
	24576, 65536,
	32768, 65536,
	40960, 32768,
	40960, 40960,
	57344, 49152,
	40960, 49152,
	32768, 49152,
	40960, 65536,
	8192, 40960,
	24576, 40960,
	24576, 49152,
	8192, 49152,
	32768, 40960,
	32768, 16384,
	32768, 32768,
	24576, 16384,
	24576, 32768,
	8192, 32768,
	0, 65536, 0,
	65536, 0, 0,
	0, -65536, 0,
	0, 36353, -54533,
	-65536, 0, 0,
	0, -36353, -54533,
	0, 0, 65536,
	54533, 36353, 0,
	0, 0, -65536,
	54533, -36353, 0,
	-36353, 54533, 0,
	36353, 54533, 0
};
const size_t axes_2_mesh_faces[] = {
